0 0.5 3.4732594
0.2 0.5 3.4184435
0.4 0.5 3.2435434
0.6 0.5 2.9185178
0.8 0.5 2.4122535
1 0.5 1.7687239
1.2 0.5 1.1661307
1.4 0.5 0.7428889
1.6 0.5 0.4841273
1.8 0.5 0.3287007
2 0.5 0.2324189
0 1 1.8403024
0.2 1 1.8070933
0.4 1 1.7089486
0.6 1 1.5517370
0.8 1 1.3488367
1 1 1.1226876
1.2 1 0.9003572
1.4 1 0.7039130
1.6 1 0.5436956
1.8 1 0.4195415
2 1 0.3257993
0 2 0.6633335
0.2 2 0.6566352
0.4 2 0.6370508
0.6 2 0.6060694
0.8 2 0.5659755
1 2 0.5195359
1.2 2 0.4696858
1.4 2 0.4191714
1.6 2 0.3702014
1.8 2 0.3243908
2 2 0.282709
0 1.5 1.0552591
0.2 1.5 1.0405177
0.4 1.5 0.9975504
0.6 1.5 0.9301028
0.8 1.5 0.8441578
1 1.5 0.7472299
1.2 1.5 0.6472056
1.4 1.5 0.5509617
1.6 1.5 0.4632819
1.8 1.5 0.3866757
2 1.5 0.3217142
